0.105916 0.070995 0.058142
0.448203 0.304560 0.255603
0.188951 0.241658 0.324309
0.134757 0.153089 0.102674
0.260372 0.260209 0.364077
0.250632 0.413584 0.392205
0.406245 0.173217 0.077750
0.110547 0.150345 0.307135
0.493575 0.174643 0.161557
0.127037 0.089805 0.145750
0.417581 0.477497 0.222180
0.524788 0.301837 0.119756
0.037839 0.061083 0.160111
0.140442 0.251418 0.142188
0.354215 0.095326 0.072342
0.832762 0.611180 0.226013
0.411999 0.172888 0.261346
0.100644 0.233594 0.320595
0.602391 0.592301 0.585093
0.492208 0.488531 0.488240
0.345630 0.347400 0.347714
0.182044 0.182044 0.182044
0.075006 0.076690 0.078063
0.023643 0.024290 0.024676
