0.140599 0.067917 0.050333
0.589580 0.290718 0.225868
0.115785 0.227199 0.374642
0.135364 0.171970 0.071937
0.226328 0.228804 0.427377
0.115567 0.452519 0.379062
0.640878 0.155608 0.019733
0.024237 0.110920 0.402659
0.776006 0.115030 0.153805
0.141092 0.065487 0.179870
0.449364 0.566556 0.066541
0.779140 0.312398 0.008947
-0.015024 0.035805 0.220445
0.079617 0.306529 0.075543
0.587543 0.050670 0.058516
1.152762 0.683354 -0.008563
0.591401 0.098513 0.315422
-0.043929 0.233814 0.373523
0.613562 0.592467 0.580707
0.495510 0.487886 0.488065
0.343983 0.347658 0.347904
0.182044 0.182044 0.182044
0.073086 0.076611 0.078899
0.022952 0.024302 0.024911
